[-1, -1, -1, -1, -1, -1, -1, -1, -1, -1, -1, -1, -1, -1, -1, -1, -1, -1, -1, -1, -1, -1, -1, -1, -1, -1, 7, 7, 6, 7, 7, 8, 7, 8, 8, 8, 9, 8, 10, 9, 10, 10, 8, 10, 9, 10, 10, 10, 10, 10]
[-1, -1, -1, -1, -1, -1, -1, -1, -1, -1, -1, -1, -1, -1, -1, -1, -1, -1, -1, -1, -1, -1, -1, -1, -1, -1, 6, 5, 6, 8, 10, 7, 7, 8, 7, 8, 8, 8, 8, 9, 10, 10, 6, 10, 10, 10, 10, 10, 10, 10]
[-1, -1, -1, -1, -1, -1, -1, -1, -1, -1, -1, -1, -1, -1, -1, -1, -1, -1, -1, -1, -1, -1, -1, -1, -1, -1, 5, 5, 6, 6, 6, 7, 7, 6, 8, 8, 8, 8, 8, 9, 9, 9, 9, 10, 10, 9, 10, 10, 10, 10]
[-1, -1, -1, -1, -1, -1, -1, -1, -1, -1, -1, -1, -1, -1, -1, -1, -1, -1, -1, -1, -1, -1, -1, -1, -1, -1, 6, 4, 5, 8, 7, 6, 6, 6, 7, 7, 7, 8, 8, 9, 9, 8, 10, 10, 10, 10, 10, 10, 10, 10]
[-1, -1, -1, -1, -1, -1, -1, -1, -1, -1, -1, -1, -1, -1, -1, -1, -1, -1, -1, -1, -1, -1, -1, -1, -1, -1, 5, 5, 5, 5, 6, 6, 6, 6, 7, 7, 7, 10, 10, 8, 10, 10, 10, 10, 10, 9, 10, 10, 10, 10]
[-1, -1, -1, -1, -1, -1, -1, -1, -1, -1, -1, -1, -1, -1, -1, -1, -1, -1, -1, -1, -1, -1, -1, -1, -1, -1, 6, 5, 5, 5, 6, 6, 6, 6, 6, 10, 9, 8, 10, 10, 10, 10, 10, 10, 10, 10, 10, 10, 10, 10]
[-1, -1, -1, -1, -1, -1, -1, -1, -1, -1, -1, -1, -1, -1, -1, -1, -1, -1, -1, -1, -1, -1, -1, -1, -1, -1, 7, 4, 5, 5, 6, 5, 6, 5, 6, 10, 10, 10, 10, 9, 10, 10, 10, 10, 10, 9, 10, 10, 10, 10]
[-1, -1, -1, -1, -1, -1, -1, -1, -1, -1, -1, -1, -1, -1, -1, -1, -1, -1, -1, -1, -1, -1, -1, -1, -1, -1, 5, 6, 5, 9, 6, 6, 6, 4, 6, 10, 10, 10, 10, 10, 8, 10, 10, 10, 10, 10, 10, 10, 10, 10]
[-1, -1, -1, -1, -1, -1, -1, -1, -1, -1, -1, -1, -1, -1, -1, -1, -1, -1, -1, -1, -1, -1, -1, -1, -1, -1, 5, 8, 7, 7, 5, 5, 6, 9, 6, 9, 10, 10, 10, 10, 10, 10, 10, 10, 10, 10, 10, 10, 10, 10]
[-1, -1, -1, -1, -1, -1, -1, -1, -1, -1, -1, -1, -1, -1, -1, -1, -1, -1, -1, -1, -1, -1, -1, -1, -1, -1, 7, 8, 4, 8, 9, 5, 6, 10, 6, 10, 10, 10, 10, 10, 10, 10, 10, 10, 10, 10, 10, 10, 10, 10]
[-1, -1, -1, -1, -1, -1, -1, -1, -1, -1, -1, -1, -1, -1, -1, -1, -1, -1, -1, -1, -1, -1, -1, -1, -1, -1, 5, 7, 0, 4, 7, 5, 6, 5, 10, 10, 10, 10, 10, 10, 10, 10, 10, 10, 10, 10, 10, 10, 10, 10]
[-1, -1, -1, -1, -1, -1, -1, -1, -1, -1, -1, -1, -1, -1, -1, -1, -1, -1, -1, -1, -1, -1, -1, -1, -1, -1, 6, 6, 7, 6, 7, 7, 5, 8, 10, 10, 10, 10, 10, 10, 10, 10, 10, 10, 10, 10, 10, 10, 10, 10]
[-1, -1, -1, -1, -1, -1, -1, -1, -1, -1, -1, -1, -1, -1, -1, -1, -1, -1, -1, -1, -1, -1, -1, -1, -1, -1, 3, 7, 7, 8, 7, 4, 5, 10, 10, 10, 10, 10, 10, 10, 10, 10, 10, 10, 10, 10, 10, 10, 10, 10]
[-1, -1, -1, -1, -1, -1, -1, -1, -1, -1, -1, -1, -1, -1, -1, -1, -1, -1, -1, -1, -1, -1, -1, -1, -1, -1, 6, 6, 7, 7, 8, 4, 8, 9, 5, 10, 10, 10, 10, 10, 10, 10, 10, 10, 10, 10, 10, 10, 10, 10]
[-1, -1, -1, -1, -1, -1, -1, -1, -1, -1, -1, -1, -1, -1, -1, -1, -1, -1, -1, -1, -1, -1, -1, -1, -1, -1, 7, 6, 0, 7, 7, 4, 7, 9, 10, 10, 9, 10, 9, 10, 9, 10, 10, 9, 10, 10, 10, 9, 10, 10]
[-1, -1, -1, -1, -1, -1, -1, -1, -1, -1, -1, -1, -1, -1, -1, -1, -1, -1, -1, -1, -1, -1, -1, -1, -1, -1, 6, 7, 5, 7, 6, 8, 7, 9, 9, 9, 10, 9, 10, 10, 9, 10, 9, 10, 10, 10, 10, 9, 9, 10]
[-1, -1, -1, -1, -1, -1, -1, -1, -1, -1, -1, -1, -1, -1, -1, -1, -1, -1, -1, -1, -1, -1, -1, -1, -1, -1, 5, 6, 0, 6, 6, 6, 4, 8, 0, 9, 9, 9, 9, 9, 10, 10, 9, 9, 9, 10, 9, 9, 9, 10]
[-1, -1, -1, -1, -1, -1, -1, -1, -1, -1, -1, -1, -1, -1, -1, -1, -1, -1, -1, -1, -1, -1, -1, -1, -1, -1, 7, 7, 7, 7, 6, 6, 7, 9, 8, 9, 9, 9, 8, 9, 9, 9, 9, 10, 9, 9, 9, 9, 9, 9]
[-1, -1, -1, -1, -1, -1, -1, -1, -1, -1, -1, -1, -1, -1, -1, -1, -1, -1, -1, -1, -1, -1, -1, -1, -1, -1, 8, 0, 6, 0, 6, 8, 8, 8, 9, 8, 9, 9, 9, 9, 9, 9, 8, 9, 9, 9, 9, 9, 9, 9]
[-1, -1, -1, -1, -1, -1, -1, -1, -1, -1, -1, -1, -1, -1, -1, -1, -1, -1, -1, -1, -1, -1, -1, -1, -1, -1, 6, 8, 6, 7, 6, 7, 8, 8, 9, 9, 9, 9, 9, 9, 9, 9, 9, 8, 9, 9, 8, 9, 9, 9]
[-1, -1, -1, -1, -1, -1, -1, -1, -1, -1, -1, -1, -1, -1, -1, -1, -1, -1, -1, -1, -1, -1, -1, -1, -1, -1, 1, 5, 0, 5, 0, 6, 7, 8, 0, 8, 9, 8, 9, 8, 8, 8, 8, 8, 9, 9, 8, 8, 8, 9]
[-1, -1, -1, -1, -1, -1, -1, -1, -1, -1, -1, -1, -1, -1, -1, -1, -1, -1, -1, -1, -1, -1, -1, -1, -1, -1, 0, 5, 7, 6, 7, 7, 6, 8, 8, 8, 8, 8, 8, 8, 8, 8, 8, 8, 8, 8, 8, 8, 8, 8]
[-1, -1, -1, -1, -1, -1, -1, -1, -1, -1, -1, -1, -1, -1, -1, -1, -1, -1, -1, -1, -1, -1, -1, -1, -1, -1, 0, 6, 1, 7, 6, 7, 6, 7, 0, 7, 8, 8, 8, 8, 8, 8, 8, 8, 8, 8, 8, 7, 8, 8]
[-1, -1, -1, -1, -1, -1, -1, -1, -1, -1, -1, -1, -1, -1, -1, -1, -1, -1, -1, -1, -1, -1, -1, -1, -1, -1, 6, 5, 7, 6, 0, 7, 7, 7, 7, 7, 7, 8, 8, 8, 8, 8, 8, 8, 8, 8, 7, 7, 8, 8]
[-1, -1, -1, -1, -1, -1, -1, -1, -1, -1, -1, -1, -1, -1, -1, -1, -1, -1, -1, -1, -1, -1, -1, -1, -1, -1, 6, 6, 5, 0, 6, 6, 7, 0, 7, 0, 7, 8, 7, 7, 7, 7, 7, 8, 7, 7, 7, 7, 7, 7]
[-1, -1, -1, -1, -1, -1, -1, -1, -1, -1, -1, -1, -1, -1, -1, -1, -1, -1, -1, -1, -1, -1, -1, -1, -1, -1, 9, 0, 4, 6, 6, 1, 7, 7, 7, 7, 7, 7, 7, 7, 7, 7, 7, 7, 7, 7, 7, 7, 7, 7]
[-1, -1, -1, -1, -1, -1, -1, -1, -1, -1, -1, -1, -1, -1, -1, -1, -1, -1, -1, -1, -1, -1, -1, -1, -1, -1, 0, 8, 6, 5, 6, 6, 1, 6, 0, 7, 7, 7, 7, 7, 7, 7, 7, 7, 7, 7, 7, 7, 7, 7]
[-1, -1, -1, -1, -1, -1, -1, -1, -1, -1, -1, -1, -1, -1, -1, -1, -1, -1, -1, -1, -1, -1, -1, -1, -1, -1, 5, 0, 9, 6, 6, 7, 0, 6, 6, 6, 7, 7, 6, 7, 6, 6, 7, 7, 7, 7, 6, 7, 7, 7]
[-1, -1, -1, -1, -1, -1, -1, -1, -1, -1, -1, -1, -1, -1, -1, -1, -1, -1, -1, -1, -1, -1, -1, -1, -1, -1, 5, 4, 0, 9, 5, 6, 0, 6, 6, 7, 7, 6, 6, 6, 0, 6, 7, 7, 6, 6, 6, 6, 6, 6]
[-1, -1, -1, -1, -1, -1, -1, -1, -1, -1, -1, -1, -1, -1, -1, -1, -1, -1, -1, -1, -1, -1, -1, -1, -1, -1, 5, 5, 0, 0, 8, 5, 6, 6, 6, 6, 0, 6, 6, 6, 6, 6, 6, 6, 6, 6, 6, 6, 6, 6]
[-1, -1, -1, -1, -1, -1, -1, -1, -1, -1, -1, -1, -1, -1, -1, -1, -1, -1, -1, -1, -1, -1, -1, -1, -1, -1, 4, 4, 0, 5, 0, 0, 6, 5, 6, 0, 6, 6, 6, 0, 6, 0, 6, 6, 6, 6, 6, 6, 6, 6]
[-1, -1, -1, -1, -1, -1, -1, -1, -1, -1, -1, -1, -1, -1, -1, -1, -1, -1, -1, -1, -1, -1, -1, -1, -1, -1, 4, 4, 5, 4, 5, 1, 8, 0, 6, 5, 6, 5, 6, 6, 6, 6, 6, 6, 5, 5, 6, 5, 6, 6]
[-1, -1, -1, -1, -1, -1, -1, -1, -1, -1, -1, -1, -1, -1, -1, -1, -1, -1, -1, -1, -1, -1, -1, -1, -1, -1, 4, 4, 0, 4, 5, 5, 0, 8, 5, 5, 6, 5, 5, 5, 0, 5, 6, 5, 5, 5, 5, 5, 5, 5]
[-1, -1, -1, -1, -1, -1, -1, -1, -1, -1, -1, -1, -1, -1, -1, -1, -1, -1, -1, -1, -1, -1, -1, -1, -1, -1, 4, 4, 5, 4, 4, 5, 5, 2, 8, 5, 5, 5, 5, 5, 5, 5, 5, 5, 5, 5, 5, 5, 5, 5]
[-1, -1, -1, -1, -1, -1, -1, -1, -1, -1, -1, -1, -1, -1, -1, -1, -1, -1, -1, -1, -1, -1, -1, -1, -1, -1, 4, 4, 0, 4, 4, 5, 5, 5, 0, 7, 5, 5, 0, 5, 5, 5, 5, 5, 5, 5, 5, 5, 5, 5]
[-1, -1, -1, -1, -1, -1, -1, -1, -1, -1, -1, -1, -1, -1, -1, -1, -1, -1, -1, -1, -1, -1, -1, -1, -1, -1, 3, 4, 0, 4, 4, 5, 5, 4, 5, 0, 6, 4, 5, 5, 5, 5, 0, 4, 5, 5, 5, 5, 5, 5]
[-1, -1, -1, -1, -1, -1, -1, -1, -1, -1, -1, -1, -1, -1, -1, -1, -1, -1, -1, -1, -1, -1, -1, -1, -1, -1, 3, 4, 4, 4, 4, 4, 4, 4, 4, 4, 0, 0, 5, 4, 4, 0, 4, 4, 4, 4, 4, 4, 4, 4]
[-1, -1, -1, -1, -1, -1, -1, -1, -1, -1, -1, -1, -1, -1, -1, -1, -1, -1, -1, -1, -1, -1, -1, -1, -1, -1, 3, 3, 0, 4, 4, 4, 4, 4, 4, 4, 4, 4, 6, 0, 4, 4, 4, 4, 4, 4, 4, 4, 4, 4]
[-1, -1, -1, -1, -1, -1, -1, -1, -1, -1, -1, -1, -1, -1, -1, -1, -1, -1, -1, -1, -1, -1, -1, -1, -1, -1, 3, 3, 0, 0, 4, 3, 4, 4, 4, 4, 4, 4, 4, 6, 4, 4, 4, 4, 4, 4, 0, 4, 4, 4]
[-1, -1, -1, -1, -1, -1, -1, -1, -1, -1, -1, -1, -1, -1, -1, -1, -1, -1, -1, -1, -1, -1, -1, -1, -1, -1, 3, 3, 0, 3, 3, 4, 4, 4, 4, 4, 4, 4, 4, 3, 5, 4, 4, 4, 4, 4, 4, 4, 4, 3]
[-1, -1, -1, -1, -1, -1, -1, -1, -1, -1, -1, -1, -1, -1, -1, -1, -1, -1, -1, -1, -1, -1, -1, -1, -1, -1, 3, 3, 0, 3, 3, 3, 3, 3, 3, 3, 3, 3, 3, 3, 3, 5, 3, 3, 0, 3, 3, 4, 3, 3]
[-1, -1, -1, -1, -1, -1, -1, -1, -1, -1, -1, -1, -1, -1, -1, -1, -1, -1, -1, -1, -1, -1, -1, -1, -1, -1, 2, 3, 0, 3, 3, 3, 3, 3, 3, 3, 3, 3, 3, 3, 3, 3, 5, 3, 3, 3, 3, 3, 0, 3]
[-1, -1, -1, -1, -1, -1, -1, -1, -1, -1, -1, -1, -1, -1, -1, -1, -1, -1, -1, -1, -1, -1, -1, -1, -1, -1, 2, 2, 0, 3, 3, 3, 3, 3, 0, 3, 3, 3, 3, 3, 0, 3, 3, 0, 3, 3, 0, 0, 3, 3]
[-1, -1, -1, -1, -1, -1, -1, -1, -1, -1, -1, -1, -1, -1, -1, -1, -1, -1, -1, -1, -1, -1, -1, -1, -1, -1, 0, 2, 0, 2, 0, 3, 3, 3, 0, 3, 0, 3, 3, 3, 0, 3, 0, 2, 4, 0, 0, 3, 0, 2]
[-1, -1, -1, -1, -1, -1, -1, -1, -1, -1, -1, -1, -1, -1, -1, -1, -1, -1, -1, -1, -1, -1, -1, -1, -1, -1, 0, 2, 0, 2, 0, 2, 2, 2, 0, 2, 0, 2, 2, 2, 0, 2, 0, 2, 2, 3, 0, 2, 0, 2]
[-1, -1, -1, -1, -1, -1, -1, -1, -1, -1, -1, -1, -1, -1, -1, -1, -1, -1, -1, -1, -1, -1, -1, -1, -1, -1, 0, 2, 0, 0, 0, 2, 2, 2, 0, 0, 0, 2, 2, 2, 0, 0, 0, 2, 2, 2, 0, 0, 0, 2]
[-1, -1, -1, -1, -1, -1, -1, -1, -1, -1, -1, -1, -1, -1, -1, -1, -1, -1, -1, -1, -1, -1, -1, -1, -1, -1, 0, 1, 0, 0, 0, 2, 0, 2, 0, 0, 0, 2, 0, 2, 0, 0, 0, 2, 0, 2, 0, 0, 0, 2]
[-1, -1, -1, -1, -1, -1, -1, -1, -1, -1, -1, -1, -1, -1, -1, -1, -1, -1, -1, -1, -1, -1, -1, -1, -1, -1, 0, 1, 0, 0, 0, 2, 0, 2, 0, 0, 0, 2, 0, 2, 0, 0, 0, 2, 0, 2, 0, 0, 0, 1]
[-1, -1, -1, -1, -1, -1, -1, -1, -1, -1, -1, -1, -1, -1, -1, -1, -1, -1, -1, -1, -1, -1, -1, -1, -1, -1, 0, 0, 0, 0, 0, 1, 0, 0, 0, 0, 0, 1, 0, 0, 0, 0, 0, 1, 0, 0, 0, 0, 0, 0]
[-1, -1, -1, -1, -1, -1, -1, -1, -1, -1, -1, -1, -1, -1, -1, -1, -1, -1, -1, -1, -1, -1, -1, -1, -1, -1, 0, 0, 0, 0, 0, 0, 0, 0, 0, 0, 0, 0, 0, 0, 0, 0, 0, 0, 0, 0, 0, 0, 0, 0]